0 0 1
20 0 1
40 0 1
60 0 1
80 0 1
100 0 1
120 0 1
140 0 1
160 0 1
180 0 1
200 0 1
220 0 1
240 0 1
260 0 1
280 0 1
300 0 1
320 0 1
340 0 1
360 0 1
380 0 1
400 0 1
420 0 1
440 0 1
460 0 1
480 0 1
500 1 0
520 1 1
540 1 1
560 1 1
580 0 1
600 0 1
620 0 1
640 1 0
660 1 0
680 1 0
700 1 0
720 1 0
740 1 0
760 1 0
780 1 0
800 1 1
820 1 1
840 0 1
860 0 1
880 0 1
900 0 1
920 0 1
940 0 1
960 0 1
980 1 0
1000 1 0
1020 1 0
1040 1 0
1060 1 0
1080 1 0
1100 1 0
1120 1 0
1140 1 0
1160 1 0
1180 1 0
1200 1 0
1220 1 1
1240 1 1
1260 1 1
1280 0 1
1300 0 1
1320 0 1
1340 1 0
1360 1 0
1380 1 0
1400 1 0
1420 1 0
1440 1 0
1460 1 1
1480 1 1
1500 1 1
1520 0 1
1540 0 1
1560 0 1
1580 0 1
1600 0 1
1620 0 1
1640 0 1
1660 0 1
1680 0 1
1700 0 1
1720 0 1
1740 0 1
1760 0 1
1780 1 0
1800 1 0
1820 1 0
1840 1 0
1860 1 0
1880 1 0
1900 1 0
1920 1 0
1940 1 0
1960 1 0
1980 1 0
2000 1 0
2020 1 0
2040 1 1
2060 1 1
2080 0 1
2100 0 1
2120 0 1
2140 0 1
2160 0 1
2180 0 1
2200 0 1
2220 0 1
2240 0 1
2260 0 1
2280 0 1
2300 0 1
2320 0 1
2340 0 1
2360 0 1
2380 0 1
2400 1 0
2420 1 0
2440 1 1
2460 1 1
2480 1 1
2500 0 1
2520 0 1
2540 0 1
2560 0 1
2580 1 1
2600 0 1
2620 0 1
2640 1 1
2660 1 0
2680 1 0
2700 1 1
2720 1 1
2740 0 1
2760 0 1
2780 0 1
2800 0 1
2820 0 1
2840 0 1
2860 0 1
2880 1 1
2900 0 1
2920 0 1
2940 0 1
2960 1 1
2980 1 0
3000 1 0
3020 1 0
3040 1 0
3060 1 0
3080 1 0
3100 1 0
3120 1 0
3140 1 0
3160 1 0
3180 1 0
3200 1 0
3220 1 0
3240 1 0
3260 1 1
3280 1 1
3300 1 1
3320 0 1
3340 0 1
3360 0 1
3380 0 1
3400 1 0
3420 1 0
3440 1 0
3460 1 0
3480 1 0
3500 1 0
3520 1 0
3540 1 1
3560 1 1
3580 1 1
3600 0 1
3620 0 1
3640 0 1
3660 0 1
3680 0 1
3700 0 1
3720 0 1
3740 0 1
3760 0 1
3780 0 1
3800 0 1
3820 0 1
3840 0 1
3860 0 1
3880 1 1
3900 1 0
3920 1 0
3940 1 0
3960 1 0
3980 1 1
4000 1 1
4020 1 1
4040 0 1
4060 0 1
4080 0 1
4100 1 1
4120 1 1
4140 0 1
4160 0 1
4180 0 1
4200 0 1
4220 0 1
4240 0 1
4260 1 1
4280 1 0
4300 1 0
4320 1 0
4340 1 0
4360 1 0
4380 1 0
4400 1 0
4420 1 0
4440 1 0
4460 1 0
4480 1 0
4500 1 0
4520 1 0
4540 1 1
4560 1 1
4580 0 1
4600 0 1
4620 0 1
4640 0 1
4660 0 1
4680 1 0
4700 1 0
4720 1 0
4740 1 0
4760 1 0
4780 1 0
4800 1 0
4820 1 0
4840 1 0
4860 1 0
4880 1 0
4900 1 1
4920 1 1
4940 1 1
4960 0 1
4980 0 1
5000 0 1
5020 0 1
5040 0 1
5060 0 1
5080 0 1
5100 0 1
5120 0 1
5140 0 1
5160 0 1
5180 0 1
5200 0 1
5220 0 1
5240 0 1
5260 0 1
5280 0 1
5300 0 1
5320 1 0
5340 1 0
5360 1 0
5380 1 0
5400 1 0
5420 1 0
5440 1 1
5460 1 1
5480 0 1
5500 0 1
5520 0 1
5540 1 1
5560 1 0
5580 1 0
5600 1 0
5620 1 0
5640 1 0
5660 1 0
5680 1 0
5700 1 0
5720 1 0
5740 1 0
5760 1 0
5780 1 0
5800 1 0
5820 1 0
5840 1 1
5860 1 1
5880 1 1
5900 0 1
5920 0 1
5940 0 1
5960 0 1
5980 0 1
6000 0 1
6020 0 1
6040 0 1
6060 0 1
6080 0 1
6100 0 1
6120 0 1
6140 0 1
6160 0 1
6180 0 1
6200 0 1
6220 0 1
6240 0 1
6260 0 1
6280 0 1
6300 0 1
6320 0 1
6340 0 1
6360 0 1
6380 0 1
6400 0 1
6420 0 1
6440 0 1
6460 0 1
6480 0 1
6500 0 1
6520 1 1
6540 1 0
6560 1 0
6580 1 1
6600 1 1
6620 1 1
6640 0 1
6660 0 1
6680 0 1
6700 0 1
6720 0 1
6740 0 1
6760 0 1
6780 0 1
6800 0 1
6820 0 1
6840 0 1
6860 0 1
6880 1 1
6900 1 1
6920 0 1
6940 0 1
6960 0 1
6980 0 1
7000 0 1
7020 0 1
7040 0 1
7060 0 1
7080 0 1
7100 0 1
7120 0 1
7140 0 1
7160 0 1
7180 0 1
7200 0 1
7220 0 1
7240 0 1
7260 0 1
7280 0 1
7300 0 1
7320 0 1
7340 0 1
7360 0 1
7380 0 1
7400 0 1
7420 0 1
7440 0 1
7460 0 1
7480 0 1
7500 0 1
7520 0 1
7540 0 1
